20 21
54.4015 30.7836 31.4983 44.4073 1.31744 88.9521 83.1086 91.9765 71.4343 55.4082 35.9098 54.6631 81.8915 25.5422 43.5011 3.40177 16.7187 41.7345 34.0986 73.2408 31.2718 
35.3368 2.39049 40.4625 83.3066 16.522 27.7286 46.2109 24.1144 60.0761 45.3753 70.3757 92.8437 50.7959 93.0643 7.70163 76.2747 15.8144 85.5401 27.5451 63.659 13.575 
39.5728 73.6367 97.2494 11.3918 43.5493 46.0619 32.6153 85.7997 20.5636 65.0281 84.3932 27.5995 26.1064 14.0365 1.89382 1.93571 61.1106 27.9152 91.8196 66.6442 32.92 
17.7389 44.4791 14.4003 54.8421 13.885 17.7055 93.9961 80.6074 28.9248 44.0424 70.4887 90.3655 85.0215 51.5036 68.9801 94.8356 67.0244 52.6689 37.6766 48.8924 35.95 
86.818 90.7764 67.8185 18.7605 44.1699 84.7064 17.3843 13.7237 1.82657 41.5697 75.887 34.3996 36.0115 68.1592 51.773 34.0153 49.6521 36.3087 15.8577 46.6295 46.7206 
30.8018 98.4885 49.8721 52.3155 72.821 55.5732 69.967 69.6179 57.6501 29.4226 91.9329 92.6003 64.9625 60.2896 21.1935 90.5876 25.317 52.5767 65.636 3.42654 81.9169 
50.1037 73.7752 37.9801 3.17346 39.4945 83.3276 34.9787 7.4689 70.1469 80.4398 83.6296 18.9274 1.02967 89.2525 30.2585 34.322 34.0521 24.7181 58.5731 80.1843 30.4544 
47.5441 50.1669 85.5623 20.6934 42.2813 62.304 88.4202 15.3664 42.0198 96.8236 37.9159 4.53322 44.2505 64.6825 81.6342 27.6767 82.4795 12.128 86.5919 33.2722 67.1334 
9.80294 5.24214 30.903 84.0092 79.7693 43.8111 50.6451 90.6728 58.8864 64.7514 11.7756 48.089 83.3747 67.5794 19.8938 22.3571 33.7929 66.7027 79.7069 77.571 4.90647 
22.3729 59.3007 4.8106 47.7384 80.6949 43.5118 27.9488 42.4594 8.49243 51.2185 2.02556 37.8675 56.2636 15.8787 26.0312 51.7376 69.9851 23.1275 88.2506 4.82388 44.767 
22.1849 37.2175 67.1994 46.617 96.5599 86.9045 27.9588 6.54035 25.0547 66.2258 61.4496 92.1189 15.083 92.3377 58.2644 31.6255 71.6512 99.281 2.21212 20.8224 25.9386 
21.8769 23.006 72.4472 3.80918 91.3992 7.94555 68.3392 39.7392 95.3861 69.2837 2.60133 37.7127 74.0811 81.8952 73.948 48.5174 76.6514 89.2018 4.13022 63.1998 77.666 
17.183 75.2778 57.0393 64.7659 24.1776 29.3853 22.4694 16.2488 6.96105 43.7857 92.5488 24.7233 97.7859 39.3958 91.5829 29.4091 46.0741 94.1966 42.2549 67.1974 24.1218 
64.3501 3.62096 59.9125 25.9116 16.9975 32.9314 70.3798 10.3162 72.2318 53.0969 93.9472 82.1629 38.8961 60.2913 12.161 19.7962 2.54657 55.1031 82.3543 8.34264 10.7519 
73.1951 94.4247 40.2819 42.3831 69.2095 64.4529 53.2155 52.4703 75.3873 96.4018 8.36391 42.5291 98.3979 12.6624 12.7206 93.024 52.3232 99.0453 12.8392 86.8693 53.8798 
70.0156 74.9281 88.2318 96.9695 43.9442 52.4029 63.1921 63.5528 99.3797 12.4152 86.2151 61.2549 27.495 41.9418 56.4233 13.1151 5.83921 51.811 26.1494 38.5056 12.4349 
57.5067 50.1215 84.4768 63.8428 76.7047 33.7092 79.3805 40.6409 8.20867 98.9295 51.453 60.542 25.9418 77.2566 18.891 8.80166 24.2717 5.90877 14.1245 5.93249 61.8996 
84.5955 81.8315 2.00684 18.378 39.4263 96.05 33.4742 87.3304 1.73203 51.0664 27.2168 55.7788 55.6063 3.17643 26.8959 76.2614 26.6245 83.0993 67.868 99.8897 71.794 
97.9803 45.1372 30.9328 4.87998 29.6708 32.4391 37.887 56.0304 86.6193 17.6214 15.3128 25.9826 95.2528 90.0445 14.4935 43.017 80.8649 42.2858 61.2177 50.5133 14.9826 
60.3485 52.1913 99.7545 80.1229 60.8853 27.321 39.2893 3.82676 99.932 94.1638 87.7413 76.9217 95.4893 2.94956 24.8636 49.3604 38.8625 76.3145 76.3453 84.8843 47.2389 
