50 51
46.1395 1.31745 18.2709 88.9076 46.9555 84.1798 54.3881 77.2946 94.4117 9.09239 91.7338 90.57 17.9587 96.7035 74.2969 3.22915 79.3662 12.5552 54.6755 83.6796 36.7161 55.6407 6.46051 88.4973 5.0438 77.9616 44.4239 27.7093 89.4622 92.2966 80.3633 89.5469 16.56 47.1907 74.6594 58.9872 36.574 18.6709 9.18948 60.8021 91.5739 76.2444 81.7849 37.2404 50.0918 71.8109 5.95489 26.2553 99.056 3.79826 99.4096 
76.4193 89.7612 18.5218 17.3501 24.3093 88.9487 54.0416 56.151 38.6923 64.9254 86.8341 76.945 44.387 82.4555 46.18 77.1419 61.6013 7.72583 87.774 21.3067 94.9734 51.5762 98.3082 57.4621 21.6925 15.8087 92.8952 68.6561 82.0599 88.135 88.9595 96.9669 68.5408 34.8111 9.86137 84.8999 34.14 58.7529 97.275 13.1826 82.8512 46.4715 53.1222 97.1194 29.1789 82.2433 11.4693 87.747 17.0449 58.1814 8.53735 
43.6386 95.9038 57.7123 23.457 50.9778 49.5226 12.3247 45.4204 60.8766 30.4522 16.4501 81.8139 67.3054 42.5295 60.0512 13.1666 28.4638 88.2377 3.17259 28.9747 38.815 60.6085 5.2593 32.0743 31.6027 56.0657 68.4186 21.0227 62.5493 14.669 22.9463 66.172 44.1853 65.7582 40.4266 31.7174 45.8084 7.19899 95.4069 72.0092 3.06627 77.2646 51.054 42.0997 5.80904 95.724 71.2762 8.59945 38.8521 49.3033 1.72318 
26.796 28.2577 92.9843 4.26046 16.9424 64.6326 69.5726 80.5836 84.8036 93.3265 82.5276 79.9515 49.0776 1.8493 66.9171 64.3805 82.7414 35.1198 25.3922 14.6245 95.8274 86.1964 74.5783 40.1908 12.1594 74.936 65.2624 83.4946 68.9821 57.8252 66.9313 62.9991 19.455 17.3275 78.3822 39.0886 53.0779 66.5265 95.6059 46.5045 66.1848 25.2217 27.7449 55.6464 25.668 44.078 89.4716 1.79435 84.3303 19.7058 45.718 
53.0768 58.9111 99.0671 95.1573 93.0229 48.4334 25.8834 37.7464 84.6963 40.086 75.6858 7.16864 59.9704 29.8985 97.847 31.4509 80.2469 2.48617 6.5676 21.6491 49.768 21.6555 9.60088 11.6688 14.9369 48.6443 73.1318 64.638 24.1823 35.7782 58.28 14.0989 28.5717 7.74782 79.4404 12.8298 59.3823 81.1666 66.135 8.5106 49.3144 84.7611 85.7236 16.3327 98.3843 62.0013 60.3521 81.6185 9.79259 45.22 98.7827 
49.8008 22.7357 28.829 89.0471 51.8157 9.08606 13.2777 84.4085 12.7487 7.60283 21.8672 96.5747 62.7174 25.9303 78.6576 16.6057 59.9345 32.5451 86.9113 31.4722 25.4177 78.2388 67.2268 39.9364 64.5986 63.7521 58.4539 98.5639 53.5148 7.78841 3.78424 31.5733 10.7222 56.8557 99.7451 3.69135 30.4914 8.39954 89.1208 77.6448 84.1549 9.10666 52.6416 59.4345 40.0507 64.9651 70.1811 83.2965 45.1435 86.9841 51.7072 
41.614 52.46 5.4275 61.9879 18.9562 3.23123 8.15248 7.28338 58.0102 64.8614 35.2142 9.07505 63.3923 71.0619 1.68124 63.8873 51.1702 14.3702 83.6829 62.9132 97.6101 19.8126 34.0265 44.4017 68.7423 26.706 98.3948 56.4554 21.4636 28.4986 95.5272 29.4587 23.084 72.1509 95.637 94.1514 60.098 44.9187 9.07398 28.3506 89.1929 15.3348 21.0056 73.6687 21.03 74.7412 22.3598 19.4871 57.6397 53.2084 94.3625 
51.7598 10.1222 86.0452 38.4957 69.6691 38.582 14.686 57.775 50.3648 95.9131 64.6464 30.3335 33.3846 72.1349 77.8665 6.44816 77.9899 29.0815 85.4676 16.1416 1.37382 71.6526 70.2452 13.348 18.5565 67.5083 57.5019 79.9373 39.6879 45.1226 78.1917 31.6752 88.1287 14.0752 43.2339 29.1622 17.4854 98.0854 22.938 55.0575 88.4639 37.9726 46.4796 85.1734 12.1962 30.0153 28.3229 92.158 66.8294 4.86719 34.0061 
1.24885 17.0845 14.1183 49.98 73.5386 17.8649 41.6668 57.7333 91.2469 2.9747 84.7372 98.3667 28.7768 53.2069 69.1561 48.3747 29.3631 18.7708 82.8127 92.5145 51.0733 83.4288 16.2015 11.1903 87.4032 64.1694 77.0769 84.6672 52.8054 92.9954 12.528 89.2889 14.1299 30.358 56.303 23.9205 69.1222 24.189 7.1663 53.0776 35.7585 84.2983 95.5949 88.3872 59.3107 1.8287 83.5951 80.6628 22.8915 16.7977 92.6668 
12.9545 78.618 29.3864 26.5523 92.219 87.8967 27.7994 43.7233 67.5419 12.5662 31.7815 55.9451 62.4779 26.0821 39.4937 73.0291 85.337 10.5597 49.6088 4.32587 77.8339 80.2779 58.232 62.6991 28.1348 87.4197 63.973 41.9309 20.6782 78.6699 25.9906 94.3589 86.0586 57.1901 89.1212 91.3908 38.3739 63.265 28.6794 71.0777 27.815 82.5444 99.5946 9.45014 46.1966 6.99622 95.3779 57.3877 10.0266 31.6937 73.6775 
69.568 38.9603 93.3847 70.9875 44.6178 77.6225 73.0131 98.2704 8.59053 39.6677 32.6053 66.2234 5.0094 41.9918 21.3015 15.1847 83.4416 8.14399 18.6808 43.6907 16.988 35.6929 83.4088 7.73534 97.0217 35.7109 41.679 64.6296 84.5058 97.8826 12.2881 56.1493 38.649 88.577 24.3008 12.6249 91.93 7.00931 85.9355 73.7135 46.0348 80.2788 89.426 88.6485 42.1686 52.0782 44.8419 29.3903 74.7737 62.4919 58.2278 
12.2216 69.6614 57.8686 45.5177 92.532 74.6154 75.8128 12.5959 62.7092 89.699 10.9695 87.4947 51.4699 13.9172 54.2256 36.6762 2.78696 6.2607 95.8751 8.78475 17.6749 78.2762 85.0568 92.9011 42.2846 77.05 80.4496 34.1133 15.7387 19.3792 61.9015 81.1738 25.1893 56.5013 6.70244 34.9152 38.8453 69.8443 27.0389 92.4121 58.3363 23.1891 43.6022 89.314 14.2785 4.20923 82.4011 42.144 19.9931 54.0985 79.8299 
81.369 93.2656 50.2008 81.3301 85.9118 82.4638 66.1845 29.9418 66.2138 55.9232 55.6033 60.8832 4.91539 42.2091 61.9059 85.5377 11.7099 72.4128 3.19664 18.2601 78.054 37.7067 65.3937 95.8859 49.3118 84.1709 6.53006 34.1741 59.7459 80.0918 87.5425 60.2959 88.4386 92.6648 42.3073 78.4935 47.8598 64.6332 2.68335 21.4474 40.9252 49.0307 59.9106 87.091 14.5814 90.0188 23.0715 92.0816 36.7972 49.1593 28.3254 
16.6502 13.1037 71.407 5.8122 68.4101 49.9176 69.814 74.4864 77.5024 59.0669 65.6638 40.034 21.7125 44.8403 23.4123 32.9152 93.7202 94.5945 31.1332 21.6323 87.2954 71.6402 23.5912 62.5621 72.4934 84.2941 54.4875 45.2736 48.7773 21.5267 4.07656 34.0132 54.624 38.5982 40.7449 57.5002 51.1423 53.9065 54.7428 9.66316 11.1151 17.9739 93.0128 46.8099 29.9626 84.8288 50.463 23.3735 5.15684 6.44037 54.9261 
16.3739 8.52032 40.5237 14.5791 35.935 13.636 36.8894 51.4144 76.1993 44.6626 41.5286 52.3083 91.518 7.94198 75.7804 23.1084 99.0682 8.85706 64.9797 38.7737 93.2437 54.2781 10.9289 22.7762 33.6109 17.109 43.744 25.2136 73.8129 91.0983 90.4142 39.7198 40.3762 83.7862 22.5559 42.8505 28.6677 44.253 91.849 62.2869 6.88471 76.5506 23.466 91.2535 50.5337 3.48599 94.686 20.9678 34.2455 8.20098 74.4869 
18.5866 19.1839 65.7943 56.4106 20.0733 11.9552 31.6289 30.4028 75.4027 15.0876 32.7455 23.4504 94.0516 44.9129 67.8425 97.4005 75.6343 82.4074 31.972 53.3796 40.8974 71.8161 75.3931 93.5608 37.1527 21.0596 11.5146 35.797 34.8869 7.67123 61.4845 23.2889 82.8703 38.1968 55.1305 82.0229 98.0861 85.8172 38.4884 74.5071 28.4191 9.1389 85.12 84.1362 45.0902 21.8463 53.0674 60.1781 96.4475 19.2885 66.5664 
48.3518 91.6641 96.0429 8.65193 22.0314 6.97489 16.37 68.9669 46.8513 77.3122 48.2704 33.5652 14.2137 70.3299 67.0566 28.8732 36.225 22.7569 53.0501 84.5321 67.2059 64.0187 88.6624 58.5372 91.9271 81.9681 96.4868 52.4084 31.7698 1.1235 30.1509 36.3245 91.3237 40.076 60.3043 78.3595 59.0078 28.159 72.9817 35.6607 11.402 93.0738 60.5009 81.8433 87.9526 3.51375 58.5574 8.22916 46.3781 82.8071 83.9143 
46.5126 11.8961 21.4813 1.96022 90.8132 70.6827 16.4372 97.0556 40.2966 95.4507 95.902 64.6854 30.9066 38.6183 12.6032 70.6802 56.8167 73.8648 24.6718 54.1431 75.0897 66.3359 55.2113 8.07314 69.739 13.9812 14.4751 17.4213 27.3137 83.8866 15.6882 91.965 49.5106 51.5871 34.1539 47.3845 29.5002 77.9297 37.1321 70.3953 30.0933 27.528 18.021 23.7868 55.618 51.6164 83.4877 88.3195 20.6486 13.6329 88.4336 
56.5143 11.1538 39.572 90.463 48.9908 42.4095 79.3673 98.3711 77.9531 32.79 15.5712 84.4185 99.9611 22.3619 37.9985 21.4044 85.7409 42.6224 8.2902 42.1774 8.13094 70.0495 33.7332 40.7814 54.0145 91.9857 8.88336 51.6123 43.7383 77.3584 98.8864 16.3779 31.5115 8.18093 36.2941 2.30463 34.4286 48.1584 9.15334 68.0989 17.7883 11.093 76.369 67.2712 27.6386 86.5376 73.9911 29.3358 18.347 26.9518 98.0953 
85.2421 50.0235 55.8948 68.4821 44.0114 85.9166 15.5237 24.7884 51.0923 16.0461 28.189 26.5833 77.7861 80.8716 62.3156 94.9751 55.6059 34.0139 67.5601 36.9227 90.5798 77.0426 43.8482 42.0867 13.3763 25.1077 20.2392 87.3842 53.2636 72.4266 88.9464 99.4174 55.6865 21.0772 6.60879 60.014 69.9316 1.01409 90.3608 66.7257 80.7329 32.3569 68.1167 86.7609 94.502 11.0852 95.0239 86.5242 46.6464 22.6441 57.9646 
53.2342 99.2531 6.99398 99.3745 37.8439 75.7335 14.7451 66.5105 96.8774 46.054 90.8199 73.4011 6.75445 98.6502 57.2265 78.7293 35.6685 38.9754 19.2097 83.535 42.8833 74.8256 90.7922 51.4747 94.8781 8.92724 64.9929 84.493 76.4064 54.9972 91.4798 53.0125 83.6939 46.2842 28.8258 43.778 25.2306 93.0243 96.8674 7.91785 7.88379 54.7143 4.22088 72.2107 50.6777 10.514 52.1263 56.8697 97.7198 66.1085 30.2432 
55.8109 68.0551 23.2305 93.1053 32.049 98.0041 46.4571 95.7929 19.0327 11.133 20.9692 29.6875 42.8255 26.1012 41.0397 58.7969 40.312 58.4871 14.6909 54.0246 90.9237 99.1632 81.5542 37.5493 72.8528 68.3774 36.2709 68.4594 15.4377 98.8485 34.4502 50.9255 62.3191 58.3008 10.712 31.0438 2.7914 89.9522 28.649 25.6871 97.7928 98.1618 2.26837 67.3571 32.5362 53.6811 26.8964 17.9084 90.2897 6.04316 57.6506 
73.8371 85.6936 79.8194 21.7568 4.8227 21.7939 53.9269 76.8921 79.295 78.4851 6.16927 88.6545 96.3556 3.97054 33.1543 69.3169 6.01897 52.5614 12.1685 50.3491 46.7086 49.3851 3.66487 72.5985 77.5278 23.0207 87.5077 4.70152 25.4065 61.517 45.5324 27.119 7.06478 79.5906 27.8643 67.1653 81.9983 90.854 32.6583 81.4767 18.4484 51.8789 28.4621 20.3573 25.8782 77.8422 33.6179 41.5275 96.6928 66.1513 84.5131 
37.9579 33.7733 32.1235 68.6867 81.1902 32.3108 9.38086 46.8523 29.0148 82.3213 65.0886 29.5774 58.143 4.22515 93.2558 7.65747 63.9271 91.0402 46.1734 84.1261 29.6691 92.7669 65.4404 29.6983 40.7462 48.1586 69.6942 73.2499 4.41801 33.144 81.6276 89.1158 44.2093 40.416 1.99972 49.7297 51.2705 7.01246 3.33309 48.961 57.6227 18.5251 10.9279 46.4298 24.0373 56.0797 58.3548 71.0227 57.7424 70.3598 13.4741 
82.9934 67.1803 30.4529 42.5298 30.4667 54.6025 57.7959 91.3514 21.6554 17.8106 32.835 8.21551 66.6382 39.674 33.2253 71.418 94.1134 53.3006 74.3151 22.5818 60.5537 52.1836 43.5795 58.6033 16.0738 5.81846 80.0941 99.6752 28.683 35.3534 3.95401 79.4382 21.0748 13.0364 33.8003 75.7882 24.9384 42.4138 62.8767 29.585 52.3332 93.9698 79.3897 72.5681 97.1451 64.978 14.3442 14.2698 13.9215 63.6795 10.6682 
35.7991 14.1186 53.4724 23.0569 81.5924 79.3083 76.4178 54.6796 88.7291 93.2472 44.2613 57.5078 51.1301 45.7274 34.6167 95.2763 24.8168 53.8448 57.9676 75.7218 35.6513 74.1033 49.3546 53.6442 2.46791 95.241 23.302 17.7458 94.8208 29.7124 20.6332 90.8639 16.8262 22.0252 52.9636 11.3834 57.5773 84.454 7.3948 51.6864 35.4847 75.4174 39.4318 54.9176 54.9199 24.542 35.7252 22.0058 28.6643 4.45878 40.5942 
68.2463 93.3664 39.7878 59.3605 46.5696 75.9386 95.7228 51.7057 37.5909 99.8011 64.6082 46.9142 46.3259 61.6257 42.8272 44.318 35.4684 36.2745 65.2328 34.6533 7.56844 18.8362 8.57802 41.476 2.38731 36.5585 8.13711 84.5781 39.6437 9.64245 95.3788 10.2923 26.8727 67.5536 51.0242 45.7591 33.7118 45.8382 29.3977 45.321 4.16684 89.8534 45.7472 54.9881 57.1394 66.8008 86.2206 58.4456 13.6033 13.7953 87.8743 
52.9257 5.42538 27.9636 65.7587 36.8252 24.7773 74.3621 39.0849 70.4498 31.0626 41.3439 39.2907 49.203 71.4512 63.0325 10.0198 79.3673 39.9512 95.2427 43.1075 21.6534 62.941 94.4092 63.3513 2.47134 11.6672 48.013 9.95834 19.8297 6.97959 45.7118 11.786 83.6938 71.269 3.4377 84.5037 40.6177 57.4397 59.0442 85.703 10.7996 26.0634 9.91757 39.1374 68.579 42.4676 75.2483 64.5545 84.4912 82.9777 49.0144 
85.0475 2.47558 71.7578 97.4989 9.72967 24.225 95.6835 2.88243 26.3806 88.8354 92.8679 50.3377 88.1415 25.8794 13.7015 10.8123 4.65682 79.2601 99.5816 30.5321 24.8325 78.7143 87.5599 98.316 60.0009 31.1956 82.4908 15.317 85.8449 62.7832 60.8993 11.8845 77.6601 33.5028 42.0202 61.5288 40.0637 41.5404 78.0387 65.7765 8.28858 9.02732 92.2101 57.4939 32.7266 48.843 88.1911 98.4573 51.9633 40.9862 35.8151 
59.3334 83.9508 21.9508 58.004 32.2629 15.5569 51.0613 66.8636 78.11 87.0273 88.8825 83.4751 10.8802 37.021 3.04376 28.7738 15.0028 91.1828 6.96839 93.697 55.0109 6.54797 10.374 52.0534 19.8002 1.82228 58.6772 99.3118 96.029 87.2904 93.0484 3.18783 65.6452 43.8116 93.3949 65.6148 36.8246 30.7881 64.3096 17.8599 9.10788 53.5325 61.5994 39.3144 77.8963 97.8963 75.6118 48.5442 24.1782 25.1877 34.8978 
58.1787 29.6981 78.3442 37.1386 17.261 84.0904 89.4019 57.2096 70.6508 39.4552 8.33254 32.3233 59.7958 59.5656 27.8739 27.8431 33.4019 28.1945 89.6171 95.3557 36.229 22.9157 58.3514 91.5284 25.144 47.638 47.6495 46.0513 17.063 59.8876 95.4686 20.4523 51.8299 2.90955 8.64112 1.22868 84.0963 81.1595 63.5088 3.05046 22.6231 85.4794 66.7468 29.4362 6.30686 92.6076 90.5209 96.9639 24.2157 15.5316 24.2618 
37.4968 55.2102 9.75867 77.8674 95.853 5.91941 34.9382 2.34499 14.5836 7.89152 79.9764 55.0081 41.2245 72.4224 52.7809 99.4243 15.1239 32.2328 38.8477 93.831 3.15015 36.645 80.3154 50.6121 44.7023 18.2297 41.2447 47.7978 60.4408 84.737 92.5572 31.2577 73.8271 54.1272 96.6965 54.511 20.963 80.0885 74.4859 59.3716 72.2774 49.9446 86.8489 29.6628 11.7981 17.5097 23.4855 88.8313 99.2662 25.1703 93.5875 
26.4213 65.9314 20.2041 40.2396 85.7767 33.6162 43.7532 36.8478 34.8002 97.4631 40.7603 24.7913 5.42136 51.4728 79.0292 13.6648 13.0141 67.0368 84.5518 7.20197 48.3344 7.24994 94.4128 85.2431 62.8904 39.5241 27.1986 58.4615 57.0955 2.99543 54.2916 30.6561 43.4434 18.1028 41.5881 27.4458 83.2698 52.0192 2.31413 5.96446 9.86996 32.1454 79.0051 34.7803 66.1724 92.6926 31.0153 17.2653 7.90238 18.7708 69.1115 
66.7158 87.0159 10.2179 63.949 15.7769 34.1682 4.04951 34.3912 78.0007 38.8768 4.09092 11.7171 12.098 17.9849 60.8522 17.5505 93.5339 13.8571 12.9252 89.6077 38.2314 54.3678 18.4516 3.66491 77.4035 98.4635 43.0417 71.6395 26.7388 58.0456 95.0766 25.4334 97.4426 37.1561 44.0958 6.44381 71.1991 20.9286 87.1211 2.80003 74.7271 56.1189 24.474 55.1125 25.2653 47.1871 53.9795 92.2853 20.5201 73.5866 11.994 
77.3469 49.7102 31.1772 36.6767 17.0283 79.5438 36.9831 28.3261 2.18256 12.9567 7.42001 9.94061 61.1913 21.8604 38.4121 40.3328 13.5377 19.5333 18.8135 83.5811 92.6572 53.4795 45.4578 1.63275 44.33 71.2287 62.963 3.01929 70.3455 71.8123 15.9437 25.01 92.8317 42.0139 95.5081 22.678 55.0239 47.0641 74.4708 89.9863 46.2248 79.0339 5.31266 12.553 8.4241 96.2413 42.015 16.3971 84.1702 59.8854 51.9409 
89.9499 82.4924 58.0543 59.2824 49.3905 42.2875 98.1513 87.7867 21.327 69.5048 12.005 73.6913 89.2262 87.9345 97.7225 46.0469 52.1545 7.2713 37.9686 42.5362 51.0676 98.112 2.78505 31.118 3.10996 37.3101 34.1703 16.3135 6.1273 21.1985 90.7743 35.0635 91.9742 29.4808 4.82543 89.4181 1.4706 13.8049 23.0323 59.8107 47.1865 6.17465 38.2203 76.9334 10.6995 81.6012 30.1023 60.6778 1.23409 94.3602 6.30214 
6.94222 78.108 73.727 40.0995 59.0539 22.9472 57.6887 66.118 30.1675 1.10747 82.282 22.3558 51.8305 75.4647 87.4053 77.7358 84.6521 59.2145 37.9617 95.6079 84.4604 67.6844 86.1328 38.8084 96.5094 79.2053 40.4185 59.3884 73.1764 91.5699 51.3943 78.7263 94.8479 51.7772 54.0375 38.9679 25.8199 65.9128 79.4492 79.4871 72.8998 96.0703 43.5849 68.8095 21.4167 70.9062 33.7832 73.3806 33.0195 18.772 28.6338 
87.6743 2.14156 59.8866 98.2447 9.72487 37.5984 19.1339 26.6161 26.9656 90.2199 65.1127 65.4993 51.5013 95.7613 58.4083 37.1282 1.71198 40.4661 2.56236 4.41987 44.2136 98.0725 79.0676 36.7239 88.1188 27.4807 72.8031 24.1041 13.7351 76.1221 17.7377 12.0707 14.6074 81.2863 21.4549 45.1004 97.001 47.5457 8.32245 90.1501 76.8922 43.3042 69.1856 42.4927 67.7847 89.2011 2.55017 74.5972 52.6558 86.8939 63.9406 
12.9692 28.1909 30.5552 96.1241 82.9208 41.3806 61.6471 33.3732 28.1757 5.73126 57.733 77.073 96.626 76.3217 47.9755 46.2559 48.0127 53.0541 51.8657 95.1117 91.4828 55.7871 78.3841 18.8064 86.3036 23.9506 44.3256 34.1368 42.9929 8.07863 42.5608 60.394 97.3764 72.8833 43.2827 25.3683 65.4154 54.5807 44.7792 85.0193 98.7176 60.2724 38.7609 2.95778 93.407 26.8041 2.10833 1.78053 95.3285 62.9029 76.5252 
16.5401 75.6044 80.7236 61.3529 34.5659 66.0068 34.1643 93.6429 36.5945 43.187 89.0709 17.4023 42.7393 42.0507 2.25701 44.5722 33.0079 90.9621 81.6046 34.5686 49.4474 33.4891 76.7998 22.01 9.37025 9.01554 11.9848 33.3801 49.5261 7.45626 78.8447 62.4184 20.9453 19.1902 40.7767 33.7495 2.25926 97.9274 3.1102 2.83147 98.2703 38.8867 48.1927 21.3895 10.9768 3.89257 71.2652 41.4451 40.4372 1.53896 84.4718 
17.9736 41.5327 38.9723 72.138 56.8302 23.9585 14.3149 77.945 10.5324 44.7864 92.9178 6.2035 77.0621 93.3618 82.3701 92.0393 45.5131 39.7132 61.5723 64.1363 12.3386 90.4611 85.3193 75.6681 79.5014 36.4643 79.0825 44.0841 17.1188 76.991 69.914 26.9282 6.58879 18.2895 33.119 39.2834 62.0963 67.4734 88.341 68.6276 41.1832 91.9522 28.56 52.4725 49.2149 95.1227 19.1701 36.7163 11.4958 67.31 15.9606 
75.961 43.5202 14.3065 69.0475 39.635 67.4351 77.5431 86.6805 1.4571 62.5682 96.5387 63.2624 61.3812 43.1442 20.2901 16.9286 32.6118 40.3183 75.5717 34.0032 24.7707 4.79197 5.31906 53.3169 35.9583 26.548 83.7713 16.1278 71.7828 68.4574 85.1935 23.0901 19.0015 15.4584 71.8279 54.3661 86.6855 88.1565 17.6655 32.0346 93.23 90.4765 11.9572 84.6477 73.539 89.7425 81.5363 21.8062 33.9484 45.1398 88.5712 
72.8135 19.7119 72.4612 36.4094 6.82519 38.1006 20.6819 64.2723 77.4524 99.3354 21.7955 71.6839 26.136 46.0887 83.057 72.9149 50.3962 78.4367 18.9205 91.3446 98.7257 57.7097 58.1977 47.1659 45.535 60.9039 12.5137 86.5732 1.72322 38.1509 59.553 92.2555 64.9305 57.2011 20.2068 5.93254 65.3379 71.4574 20.2712 26.958 88.575 8.92378 19.914 79.8393 32.0192 35.492 45.6425 53.62 76.7997 73.8987 70.5263 
14.0018 75.4059 84.2712 43.0534 69.6575 70.8149 14.2842 74.0698 65.733 9.72122 66.5918 29.7324 64.4968 59.7601 78.2546 71.8897 16.9994 74.8178 24.7566 2.10117 55.6679 74.3048 58.3823 15.4283 56.3699 30.4902 75.7793 22.9691 97.2445 38.22 84.0236 47.1948 11.3876 64.7556 68.2997 58.3427 72.8269 60.2167 65.7117 35.6452 36.359 99.1864 7.64054 48.2086 51.9507 59.976 22.9047 87.5991 76.6809 29.1319 26.2191 
24.7455 10.6173 72.9312 16.3377 28.4024 41.4383 89.2782 91.6586 31.8602 49.5659 67.2223 71.4233 89.4662 25.0593 24.3416 51.0077 5.30964 61.8506 31.7607 99.3583 74.9992 81.0526 29.1335 47.7681 95.7809 78.9362 54.9874 30.9414 20.6542 15.1207 19.6456 81.2781 41.7643 9.41659 35.5434 22.6346 68.5417 54.9828 27.7191 5.95374 20.6247 56.5936 20.8215 56.2194 55.2759 59.6523 74.9343 59.0703 96.3751 58.3638 9.19449 
70.947 16.2864 48.1437 50.2876 4.77177 73.1778 66.5761 57.8582 98.8244 14.6829 10.1568 8.88978 79.1915 55.9506 31.4602 33.927 38.7851 33.2469 83.1402 91.287 12.9701 99.7431 25.8515 60.9457 43.3096 56.6153 87.2595 45.8363 58.8231 66.6807 41.8351 10.7723 45.7148 23.3476 63.2756 53.7523 95.8391 94.1307 51.0104 65.8704 51.5863 25.5906 49.8189 64.0125 45.3059 44.7628 98.1616 29.0155 7.02999 2.98853 56.1108 
6.4776 56.8794 4.9336 3.66356 33.5347 37.6435 38.4159 6.13456 56.6537 10.2066 1.74452 45.0948 63.8816 62.649 91.1513 33.8774 44.304 61.5824 70.8996 97.3715 68.3436 27.8408 61.4286 37.6415 54.2317 52.8401 54.6089 71.5047 55.6222 64.1287 55.7915 75.3099 77.1769 38.4568 27.1067 11.7774 11.5233 25.6343 32.002 63.9791 66.169 49.6443 51.3669 10.0335 96.2733 4.11619 3.80066 79.1134 30.43 61.4569 30.5811 
84.8101 60.4652 63.7094 20.9176 44.4348 80.0344 23.0525 68.3649 59.1502 7.26212 22.5042 31.395 27.7113 73.4753 74.9882 98.8416 98.8817 66.9003 6.45598 78.5397 35.4274 54.1937 55.3519 92.0129 76.4005 73.1179 3.83553 58.7724 86.4044 93.9435 8.95962 45.9744 16.8171 84.8194 91.6392 77.6642 13.302 9.76745 29.7677 88.6483 84.1176 74.7182 19.9866 64.8053 80.1892 41.4488 45.0319 50.1357 22.7288 29.0179 70.8776 
46.6709 64.5941 9.69894 4.73208 34.8456 91.8383 75.4328 50.0926 11.3797 96.8772 35.3796 75.2651 9.38848 55.3733 61.255 5.00816 55.154 64.544 81.4613 50.3764 22.2522 8.9942 79.5801 94.855 43.3223 69.9608 23.2847 51.7339 6.8259 80.7946 87.135 20.8183 68.9784 40.0165 55.7608 48.5716 98.4915 46.5671 76.3972 13.586 79.6551 9.33969 96.4382 1.52777 82.6369 81.79 6.69304 39.9965 49.0475 1.68976 42.1092 
69.9549 8.19226 12.7225 55.6811 7.63597 47.1907 2.2684 17.2227 35.6666 67.1338 28.786 66.8164 61.3364 31.8454 79.8631 30.9714 4.55545 91.399 50.6821 41.1393 89.8842 40.4514 19.72 89.5003 7.09402 9.29174 50.7529 91.8415 57.7104 67.7407 33.8423 76.8931 24.9499 20.5373 75.2394 35.78 52.3607 52.2952 14.5274 22.6861 59.5941 88.1888 20.4514 82.8737 35.5509 57.1663 21.8916 6.97136 19.896 46.3702 34.8013 
