20 20
86.1232 27.1282 2.574 95.0543 28.9811 65.6328 60.0632 27.5703 68.8388 31.5541 76.8431 12.6457 53.8785 20.4987 15.7284 42.0952 14.9564 85.4376 88.0772 24.2934 
86.9275 12.2591 33.821 37.4507 45.9326 81.8215 31.9676 79.8818 93.3086 24.8161 76.1578 90.2954 10.0028 41.1829 26.031 71.3336 48.7213 67.907 58.6012 64.0044 
40.0483 32.5268 84.1832 85.4354 94.7089 22.5727 26.5723 37.0275 68.5831 35.2066 21.4653 99.2451 40.7874 27.6826 7.1776 35.6952 68.3304 29.079 28.7775 17.3264 
42.8816 79.0141 38.5115 47.759 24.2091 49.011 20.6883 82.277 18.9446 7.58708 34.665 83.7417 95.5545 24.6233 44.1561 78.0379 21.9405 25.763 30.7728 77.4721 
35.0453 70.7691 24.8471 73.7826 39.2928 60.0303 7.39743 79.5797 77.7464 90.8589 9.23129 64.2614 3.33282 9.64508 40.566 70.9448 74.6388 86.3454 90.8028 34.9648 
58.2779 90.8582 80.1209 78.3147 1.85405 30.676 73.4536 17.3726 25.2559 28.1843 3.34106 43.0433 54.5729 44.5073 93.2021 68.4893 46.4078 40.6399 97.9164 4.31595 
86.3816 28.9834 90.5892 78.4983 99.8272 81.7843 6.20122 77.8658 76.4403 66.8583 6.99731 56.2099 81.6996 63.1867 49.726 2.88976 11.385 95.1803 7.27548 32.7993 
76.6348 33.3561 16.8419 4.50167 74.475 16.3654 16.657 37.2458 28.1234 46.6524 71.613 14.551 56.2898 71.3153 48.3918 86.6165 96.3345 78.7154 91.0829 20.3074 
86.4279 74.0446 27.7183 34.8003 94.7763 94.7233 73.8133 17.7536 49.3353 16.7349 89.2915 78.762 19.834 69.4885 83.0785 57.4574 29.5409 34.9852 53.7459 19.0014 
67.8298 67.8853 20.9452 76.4525 17.9703 8.48911 72.3346 46.589 56.3663 90.0244 56.6314 6.88695 45.1724 8.73199 11.6786 19.8579 9.62831 54.1005 76.7223 17.3842 
49.4187 72.3318 12.0639 64.9424 82.9833 7.90128 8.47878 98.9138 85.8257 30.7307 62.175 77.6078 28.6927 19.2066 43.3762 10.2852 23.5422 92.612 64.0027 70.7735 
80.2232 13.2908 9.05171 74.4392 19.1525 45.1028 42.6637 84.9582 5.31227 2.3813 88.9557 69.7395 85.0792 41.016 22.9363 84.5343 15.7184 22.365 21.0971 17.3672 
75.9218 9.32454 78.5716 27.1217 87.9736 59.9244 2.94766 22.4351 70.6813 70.3812 1.29113 63.9255 88.2907 68.3928 55.3881 75.3337 30.8309 30.1954 21.2313 9.05441 
91.4032 21.0539 37.7989 10.7757 74.7183 84.8222 66.4887 82.8602 51.7801 1.55738 84.6252 7.59794 50.9656 88.0148 40.7862 19.8264 61.769 24.0517 29.7863 88.867 
85.3809 15.1085 33.1127 81.5604 67.1073 74.508 50.8357 85.7129 66.9325 89.7435 81.3103 89.152 16.4504 22.448 43.2771 5.53399 68.2206 31.3262 79.9387 50.4241 
10.8098 16.6543 81.3802 55.1547 35.0054 71.5531 98.7449 22.4019 70.0085 44.7118 24.2067 18.3592 62.0353 87.1166 11.1439 15.0479 55.3293 72.2565 48.4496 27.1384 
14.6289 96.7094 28.8104 86.4221 86.9753 44.0716 86.9834 72.7053 42.7206 1.37376 70.0916 33.0065 15.2102 50.256 48.0673 94.6309 69.4545 70.4499 22.0423 78.441 
59.3265 99.2162 35.3468 69.448 94.4269 95.8202 45.3062 6.09272 57.6067 19.732 91.0027 67.2828 16.6719 57.8609 52.9734 73.5867 33.4133 67.9601 92.0445 4.38366 
78.9244 40.077 2.22509 5.77431 56.2072 4.25636 63.9387 91.6313 11.6509 9.84509 91.1745 60.5775 83.8633 81.0422 64.0785 31.6534 20.9924 59.6777 14.1955 33.6419 
76.407 7.08309 64.3997 84.1086 69.5347 93.3382 31.7142 14.5295 48.6088 17.1974 96.8889 69.9153 76.7095 97.1228 35.9857 10.5272 45.9237 8.98645 28.728 94.5416 
