64 64
16.895 41.855 27.8308 25.7351 12.6182 14.9425 25.4296 44.7967 30.797 48.1453 19.374 31.1001 11.0289 20.2257 12.0828 11.4175 12.0554 33.7845 15.1066 11.8523 30.0426 48.3548 20.2672 24.6139 31.6451 14.8114 33.6159 19.6494 42.8709 35.7169 30.3624 34.1004 33.9633 45.5322 33.3837 43.5601 29.2026 47.4543 35.0745 34.7011 44.1282 28.6021 47.0211 34.3557 17.3124 19.8483 28.2945 11.6645 16.8163 31.7242 18.1331 33.8356 11.2418 27.8823 12.3881 27.9806 17.4823 46.4986 41.5583 42.7782 37.2338 46.8178 20.5843 35.2327 
36.5192 45.5037 49.2192 33.0716 46.4367 15.9402 23.6507 47.7313 14.0633 22.897 39.2367 41.8098 24.9419 39.4331 21.6555 49.9146 19.9324 43.6997 17.2 14.105 29.2633 11.0165 48.2753 12.6864 11.278 27.7698 26.5659 39.9667 24.1566 27.4072 36.0415 44.0356 27.1681 45.0721 44.871 43.4465 21.8896 36.5673 16.552 45.5115 13.9074 10.9353 38.5845 22.4328 30.106 11.6094 26.0904 26.7171 15.2785 22.4078 29.5278 23.4038 16.1843 18.9552 26.8134 40.5044 43.1907 11.7397 11.4512 15.5591 19.5203 33.569 47.4802 19.2639 
48.6328 14.3308 27.219 44.147 21.0154 34.3646 48.1909 37.6225 16.387 27.7566 42.0507 39.8269 11.2107 14.9282 23.8275 35.0286 25.5202 27.3187 42.2467 32.0701 19.3145 30.9804 45.2019 41.5676 29.7017 39.8423 41.8671 29.0851 18.2762 40.0642 14.1418 48.4109 21.1274 11.6436 46.9877 32.6686 25.1881 10.5241 34.3573 28.9779 39.1569 30.0301 25.7581 47.0673 15.0678 38.9017 35.2547 37.3423 35.4111 24.4046 43.4027 36.1731 10.9572 30.6087 19.213 31.6138 42.7717 41.5005 18.4727 10.0482 16.8276 11.3881 42.793 40.8015 
40.9198 27.9382 24.4276 16.6774 17.2663 10.8607 19.4824 38.2558 30.8898 15.5706 23.2873 20.301 45.0315 16.0957 12.83 12.9163 40.3996 19.2521 23.9938 32.0379 19.9722 32.2855 19.1407 33.0949 22.3463 20.2963 47.4908 45.7187 43.8816 48.6269 40.8623 42.563 15.4859 12.6114 34.9753 22.6891 39.5019 28.2241 44.5992 45.3227 44.2516 15.3409 19.1187 34.2038 15.3868 21.7462 38.3137 19.3267 30.4109 24.3623 15.1681 10.938 19.261 44.4208 21.0657 45.0565 28.9389 35.1454 16.566 41.8465 14.0504 45.1234 26.5186 35.1196 
48.5481 33.9912 25.9132 16.7312 14.3863 41.1649 20.6754 33.5298 35.5982 44.3614 18.1303 13.6671 32.6144 11.8978 18.7385 17.5435 19.5827 15.2647 11.5954 19.854 49.1162 20.3637 16.4754 11.7198 22.9128 29.1682 42.5239 18.7099 39.7922 25.8594 35.4489 15.3002 42.801 33.7424 10.1819 40.3786 12.8398 11.2448 49.5014 39.9505 44.7775 31.3445 44.5272 37.4981 10.9323 16.6284 14.8456 19.0851 11.6021 13.1719 49.4721 27.4438 14.5815 10.9258 12.5572 47.5572 39.7008 40.0835 24.829 30.3886 34.6479 49.7188 31.261 14.9691 
47.4963 27.1084 29.934 28.4856 26.4978 48.4156 32.4703 21.5252 13.8635 27.3025 19.7915 29.8663 15.1066 16.9517 10.1029 44.7303 47.46 20.2956 16.8252 11.4428 36.8427 36.3955 39.714 48.2372 45.4171 20.3102 49.7088 27.2739 23.2675 21.5151 23.8434 11.5034 12.6871 29.0472 20.5325 35.8014 34.752 33.2754 12.3525 25.0026 27.9685 16.2211 11.9297 24.7892 42.2426 49.4706 34.1514 31.7712 22.6649 22.5896 38.7801 39.4079 25.5777 32.0744 41.5499 46.9967 21.158 33.68 49.5719 13.7252 43.3388 39.0761 11.3185 39.7945 
13.8864 20.7317 43.5633 42.2703 42.454 21.1893 46.017 30.0132 36.6027 15.3039 29.9334 11.2268 32.1222 48.3917 38.5579 44.4584 22.1132 10.6566 20.295 28.5613 47.7145 45.2073 46.2851 21.0239 13.9906 23.479 25.2794 32.86 25.0601 10.0233 48.5104 19.3796 37.1788 35.7516 18.2309 12.2073 20.6221 33.9511 36.0858 14.2143 46.4188 44.0752 44.6856 47.205 38.8753 14.4204 13.8429 36.896 12.0148 46.8197 24.6056 46.6877 46.5257 20.8314 30.2328 35.8385 38.5224 23.2793 47.8899 22.2459 31.5313 36.594 24.3139 31.4527 
26.0621 10.4531 46.7123 47.2719 35.1012 49.2025 49.0961 24.0275 17.6469 44.6538 44.2221 29.8932 40.7597 10.2779 27.9546 36.1057 19.5765 20.9962 38.1892 25.7703 41.4949 27.3181 37.3605 24.4874 30.7884 28.4426 46.6794 40.0439 48.5535 33.8949 15.4023 12.8851 30.6586 43.2208 17.2855 37.8202 14.9591 11.8549 33.0251 39.8503 30.2979 28.8458 49.2866 32.5138 29.438 18.5413 18.383 47.2587 36.5325 24.8133 32.3612 23.176 31.7505 46.3221 29.3085 47.9515 16.029 21.1508 42.0209 40.4001 20.6512 26.8474 46.497 38.7252 
18.973 32.2924 28.802 17.4102 22.497 33.5421 40.6591 15.7752 17.176 11.6027 12.4184 26.3877 22.2591 37.8784 21.9215 37.0313 33.2813 23.7784 36.0676 48.4377 29.0825 33.4757 14.8479 24.3824 20.8502 47.4637 37.7555 15.8794 48.5115 47.327 30.2286 48.4173 18.0841 39.9885 33.6155 26.5301 32.5992 35.845 38.4427 31.0522 26.5036 20.0885 18.0498 47.8939 48.3135 21.0288 43.1214 33.1674 10.5932 15.5464 32.3023 29.7581 27.3469 31.3272 20.6142 30.2185 35.0972 30.4638 11.5137 34.6 36.8101 13.9245 36.5605 48.9048 
46.6493 41.1103 43.1281 30.5773 25.025 22.2015 46.3509 24.234 14.393 21.7511 37.6094 23.3349 22.8992 34.52 26.7086 11.3273 31.9595 13.7122 24.0715 25.7617 25.4971 40.0999 24.6807 46.6141 38.653 42.5823 18.6557 27.7265 25.2056 45.3236 48.841 36.998 26.006 41.5894 45.1944 32.1723 36.1598 32.7952 21.3782 34.0266 39.0679 15.2049 15.379 26.3413 49.3531 12.5628 13.4856 11.6257 39.3751 23.9086 15.0203 20.0137 42.5896 45.6956 38.2304 24.536 14.3538 14.0517 12.4735 43.3756 45.2932 15.3969 12.7789 42.1196 
14.6261 23.2295 33.1012 35.3953 38.6841 22.148 16.2457 37.9648 33.8899 35.0751 34.9427 49.776 46.4526 28.64 41.1723 41.2085 21.6747 25.161 44.1303 35.7623 36.8465 14.7885 15.9728 36.7033 43.3287 15.981 44.9272 20.5414 10.1821 41.3782 16.1029 28.9606 15.2407 33.8695 35.5435 41.7128 40.877 45.2245 28.9378 22.0532 36.9828 31.3865 39.754 16.6117 22.8573 38.1971 37.0172 25.9663 42.0573 12.3864 43.9711 36.4186 35.1135 16.7562 33.1377 43.2662 33.1125 39.9686 47.0278 36.4636 13.7499 18.3431 21.5638 25.4119 
34.3368 36.5938 29.8722 30.2389 27.1692 25.1579 13.4032 22.8928 41.2754 15.3187 17.7983 18.1102 13.1625 36.3817 13.65 26.2158 17.3287 10.9009 17.2623 30.9167 17.1015 21.5332 42.1392 34.2288 36.716 18.795 34.9939 30.87 12.6933 24.2349 38.8952 44.3059 30.2004 48.3006 42.9624 15.3211 39.0724 20.758 19.3979 31.7151 46.5591 44.8083 42.0106 38.825 29.7936 16.8774 20.3128 30.6564 24.7561 24.3286 21.8754 20.9842 22.0009 39.8765 15.5181 46.3203 45.0436 41.31 35.2041 33.2992 33.5715 16.7306 39.161 26.8538 
23.8251 42.7649 32.4076 20.9253 10.2518 36.779 38.6878 12.1334 11.0483 12.7822 40.2193 33.3724 45.7997 12.3192 11.3149 10.1327 44.4744 23.1925 12.2774 38.951 25.6804 48.3622 32.6137 22.0998 32.2401 20.4631 10.7553 46.8728 28.715 19.3257 28.5121 14.7947 25.985 32.64 17.5915 37.6874 38.6248 13.4889 44.828 44.2572 17.4337 34.3914 20.3209 11.5112 23.6393 14.6924 40.6413 33.1316 38.443 31.2539 47.035 33.6805 12.3228 31.6984 18.3623 40.2754 17.5356 49.2566 42.3815 17.9061 34.7153 18.2113 40.2648 20.6227 
27.2967 32.2413 32.0186 10.9237 35.4834 19.0229 11.5697 45.1225 15.3576 40.8536 12.7982 24.9255 24.5321 20.7443 49.4259 27.1905 36.2989 17.0424 31.545 42.1396 31.6916 44.6652 38.3026 48.7101 24.8371 28.12 48.9278 27.4041 25.1898 17.4864 40.2191 34.9017 25.6463 41.0152 12.323 43.6325 25.9775 38.6644 25.8171 47.9305 27.9425 15.9804 36.8581 38.279 46.4432 43.6192 45.9318 16.971 44.0377 47.2095 29.6476 15.0814 32.1416 42.2128 49.6011 37.8633 25.4642 24.5024 46.3148 27.5023 20.1386 22.3959 41.5176 31.4081 
15.3035 35.9013 21.8446 10.1729 39.4991 19.6786 34.5837 19.6875 36.7206 19.1794 35.1781 43.5115 19.573 15.1789 28.0268 10.7514 34.5173 27.7865 47.0996 40.9559 31.4159 14.1796 35.5225 31.547 35.1573 37.3463 21.2264 49.8399 46.8879 19.7799 44.4037 39.0496 27.1066 16.4802 44.5547 43.2602 42.7585 14.2471 31.6869 41.8087 39.6625 38.6939 15.6095 22.3639 24.2796 35.7694 23.9584 18.583 19.2047 26.0618 13.0605 44.5415 38.6692 45.1241 13.797 27.7938 14.1764 35.5591 36.1106 13.5088 29.3465 44.3158 15.2839 46.7558 
44.7398 21.0252 37.903 12.5569 46.4998 11.7301 11.6661 26.0906 23.7914 10.9974 48.7469 12.4754 24.4757 41.6331 40.3408 46.2558 31.0359 35.0679 22.4526 18.0167 16.4362 30.7565 16.7589 35.7901 30.5427 20.8745 21.4757 12.0264 34.6059 18.7149 31.2212 35.214 47.1818 17.7205 47.309 38.9716 28.5661 38.1996 16.9429 18.1419 44.6334 35.977 39.3794 40.89 40.3237 47.2575 31.6149 42.3655 49.1788 13.6466 14.2074 28.0645 45.3738 39.8481 38.1785 18.3011 14.1259 22.6186 18.206 20.3733 43.6135 48.6217 43.9028 15.105 
18.3575 48.3951 23.114 48.428 18.2183 39.0025 14.962 23.7214 39.7494 42.7605 34.8771 47.8887 14.0177 32.0728 47.102 33.1003 22.4993 37.6042 46.7916 30.8083 11.7786 47.6806 10.1193 33.1799 21.6332 15.0481 41.9585 14.2371 37.9764 11.503 18.4994 42.6744 49.5145 18.6511 19.2286 14.4992 16.5223 48.4328 44.5735 38.419 31.5559 29.2526 35.1962 48.6558 19.4463 42.0082 28.7263 26.8659 32.5435 14.1275 37.1986 25.6959 28.8105 39.9373 47.0089 45.8519 48.621 38.5243 28.1505 27.9688 34.5332 48.0935 35.5156 25.7824 
37.1142 43.8301 14.5758 31.0004 19.2547 47.5689 41.6286 20.2952 37.0283 37.2446 44.4501 24.4854 41.4747 47.758 47.5688 10.7488 28.5612 47.5066 24.104 31.0762 36.7383 11.324 36.3761 36.6897 49.7229 33.2547 44.2268 42.9384 33.5903 19.7003 39.5985 38.4369 11.1562 24.8731 36.8198 16.2258 28.835 39.5259 13.9634 35.7653 21.8869 34.6287 26.3149 20.9279 16.5264 45.5072 27.6373 44.2956 34.8172 27.0498 46.0675 19.6132 37.4453 23.0133 16.5223 11.9301 25.8616 34.2976 20.7232 31.3226 32.3972 20.9742 19.0914 28.0494 
37.7614 43.1892 37.5669 27.2715 29.8226 33.855 44.2425 14.4827 46.911 26.835 37.3276 18.3198 17.1703 27.6776 10.0443 23.8813 46.7246 43.5986 22.0357 20.4649 45.4203 36.8282 35.1052 26.0037 31.4987 23.191 12.734 23.358 42.0586 37.9654 38.6293 28.2096 17.4654 15.7145 18.9518 44.5179 19.7407 45.0318 24.1643 45.1332 15.9837 21.4129 19.5517 30.2761 48.6338 19.5117 36.0147 36.7347 20.4171 47.0617 32.6747 22.672 30.4755 48.06 38.938 10.7682 43.0378 29.8557 29.1772 39.6152 21.2053 23.4107 28.286 16.8304 
49.8927 39.0838 34.1707 42.7512 33.8452 36.6106 24.8745 32.9735 32.2476 33.6549 37.5017 43.054 22.8827 19.0403 30.2549 21.6195 45.9434 23.3364 29.6964 16.6436 31.455 10.467 18.6246 26.4897 43.1644 28.29 11.374 34.6793 42.5803 15.3015 49.4051 41.009 16.2998 22.9016 33.3631 44.4755 38.6808 32.771 15.0883 45.7998 29.7969 35.0499 13.4086 27.3229 49.1106 25.513 20.2442 45.692 26.6106 13.6347 31.6902 36.9417 25.0796 33.7515 18.9686 11.3286 13.7581 19.6397 10.5105 14.8124 43.0968 17.2678 32.2011 38.6936 
11.294 38.425 37.879 46.4182 45.2322 28.5332 38.0555 13.9969 19.0567 34.853 32.5462 26.7128 22.2993 11.1092 37.8854 24.9877 39.0808 38.2665 44.8201 38.3431 40.1772 46.3165 46.8061 28.0314 46.9719 31.0134 48.6617 49.3464 11.5714 27.1351 29.3577 43.39 38.9203 49.5027 20.4791 13.6373 45.5284 24.9493 12.5269 41.7297 22.1616 38.5178 17.4871 26.497 36.0891 45.3795 38.7954 32.4145 25.127 43.3009 46.4208 17.5346 41.5521 18.7701 31.0745 31.6097 34.9821 47.7168 28.2376 26.2641 36.0158 35.95 11.6608 28.4426 
20.1216 28.6013 44.515 37.3277 49.0541 47.9261 15.7171 41.9837 20.3871 10.9796 42.207 27.4538 33.1094 11.3654 36.2505 28.9691 39.8752 17.4605 12.3089 12.6558 20.9972 26.3281 21.8775 28.5253 28.7646 15.5517 34.6712 17.5695 40.3339 30.4895 27.7583 49.8006 30.3465 20.5965 21.0808 21.1612 25.7578 28.3186 23.1124 31.5893 43.6455 14.2962 35.6283 18.1866 44.651 33.6559 44.4681 29.4933 10.5289 40.8826 12.1091 27.6887 49.8534 19.9332 33.8869 23.9899 29.6586 31.9726 35.3989 39.7125 43.4456 27.8233 14.5966 25.7398 
35.9763 42.75 21.1516 19.5489 48.2684 26.6617 45.5372 26.5344 24.9652 35.3897 16.1415 47.9052 29.097 36.4059 14.9339 21.2431 48.9037 25.1957 48.8935 32.5539 10.0985 40.2465 18.0984 11.9189 19.3064 30.1445 15.9228 25.423 33.1151 20.5707 44.5994 13.8829 36.798 39.0445 24.7182 35.4716 20.3834 25.2516 43.9507 48.9882 28.4655 17.1844 46.8195 42.368 45.2057 11.2389 41.9279 42.1019 11.1556 45.6687 37.0107 23.5086 39.9177 34.0895 44.6407 33.2501 35.8907 34.9237 20.1294 20.1219 42.261 13.5748 26.5822 17.3672 
33.99 33.4081 17.3639 36.3473 34.3204 11.128 35.3211 34.9001 27.6826 38.1107 42.1066 19.0829 49.8538 31.8432 42.1646 44.3153 23.1682 16.4321 12.1641 25.9577 19.8133 44.9067 30.9266 42.8906 20.3603 13.9804 32.0423 31.7293 42.6852 40.5195 33.6159 17.0314 10.8685 35.968 13.1618 12.7103 26.7727 17.8677 11.8564 32.4019 31.7399 44.2672 28.6062 26.2866 19.7359 21.1719 37.0685 35.0508 46.885 49.4182 31.2724 30.2525 23.9505 29.0979 25.4985 21.0061 34.3327 43.0753 42.4607 10.2124 11.1178 37.2504 16.303 12.5747 
22.5833 19.839 47.2338 23.1336 13.8469 45.9847 20.2232 33.8513 18.6581 35.6312 19.4804 43.4683 21.4847 34.9689 46.7988 10.6678 43.2406 40.0315 38.3064 47.9682 30.8797 29.3537 11.748 46.9465 42.7407 33.7075 19.6296 49.6737 18.2224 30.7205 11.6024 32.4461 38.0507 17.312 39.1151 33.0788 37.0705 35.4462 19.4499 18.562 31.2382 35.5744 13.1151 36.1608 31.6711 34.8897 49.9672 49.3519 13.3681 28.8418 16.8646 12.5103 24.7845 17.8638 17.2814 44.6819 30.8808 15.8293 44.6614 33.739 47.9371 37.3512 44.9796 16.9117 
27.8674 38.3884 20.7203 49.6828 29.2838 25.2059 20.7172 29.2205 19.0885 33.6564 23.7543 12.8696 31.1315 37.3815 43.9532 31.6576 26.8169 39.6167 47.7825 11.7837 39.7878 33.8748 30.6494 23.8565 31.2058 29.6467 48.8142 24.4077 33.4723 16.7714 17.9015 33.8179 29.5947 23.413 32.7364 26.7382 46.3652 11.5206 23.8281 34.4877 21.7871 34.2302 23.1268 31.1701 25.0806 14.4629 40.8808 29.4779 30.4043 27.4748 38.6031 27.8438 21.3303 34.1302 27.3143 11.1911 38.9143 45.151 38.5039 47.1172 44.742 35.9486 29.5931 22.7232 
20.363 23.4266 33.1899 21.072 19.6261 34.1911 30.1442 22.152 46.577 26.8196 28.5892 11.7619 23.5408 28.3799 29.1631 21.6974 10.5013 42.1105 42.9321 20.2254 16.7429 43.4589 45.0004 24.1585 38.2837 40.3067 45.149 15.9227 16.9355 43.9233 17.6865 48.0493 30.2801 16.1364 34.9001 41.5773 14.6902 36.6387 33.554 11.2863 47.1264 29.2249 13.6908 40.9588 20.0375 19.3987 45.2744 29.4359 34.4975 29.1797 23.8776 39.262 16.7746 38.4463 13.9365 11.2143 36.7521 34.5487 40.2457 40.1817 28.1427 34.9294 24.2371 29.5939 
42.4564 32.8995 46.7037 11.2954 42.7511 13.4036 20.1383 10.3421 30.3274 18.6906 13.96 26.374 13.3489 45.2223 16.645 49.44 14.6395 14.6952 14.1186 32.2915 39.1946 40.7572 28.8021 16.2487 23.3402 28.3684 45.0528 32.8845 43.4483 30.0918 39.4193 22.7555 46.3251 21.5664 33.8863 18.2223 16.2645 46.2355 12.7994 12.3251 45.8063 12.9758 25.9338 14.3498 29.3142 25.0027 15.3788 10.9573 23.452 30.492 46.8808 25.3148 48.0822 34.1134 48.3735 21.2539 17.4276 21.4004 12.7726 20.461 30.1576 43.4324 37.0372 11.3813 
37.2742 46.026 12.489 22.1303 11.6508 47.9297 45.4141 35.8918 20.641 20.3547 36.598 28.0163 29.141 48.4097 27.4464 40.9895 11.8658 44.2157 45.8997 15.4653 10.8201 45.8152 48.3022 17.1899 48.4913 45.8725 47.6258 19.9251 15.265 19.5776 11.8577 31.6522 24.2503 49.2925 25.4004 30.6762 16.4145 49.9016 34.0408 22.531 15.844 49.1181 30.1233 30.1482 46.0021 23.5034 17.5072 22.5224 39.5966 38.1544 32.1838 26.1247 39.1125 46.9865 17.5882 20.4407 17.4485 16.6063 12.8861 17.4882 35.4806 29.8873 18.1146 20.84 
39.705 21.2363 48.7606 42.4856 33.4725 34.7323 40.3503 42.681 16.5914 30.9144 20.1268 19.2273 27.3844 45.5446 40.5817 28.3932 32.1609 43.9421 45.8537 35.0214 20.7128 39.2993 18.862 21.1399 18.1448 27.6314 32.4562 30.1804 20.3991 13.6171 27.7045 29.4761 17.4504 10.0925 14.4955 46.54 14.2565 18.9473 12.1883 10.0242 27.0407 24.5287 25.3274 37.5795 20.5749 20.0685 10.528 22.6988 37.4092 13.8636 17.1707 17.1194 27.9112 39.8699 22.216 34.3945 10.7078 15.7431 23.4958 46.0245 23.9926 46.8279 14.4506 24.5093 
24.8858 47.9491 10.6174 31.385 35.9374 29.4391 49.0502 43.2496 12.5069 39.9167 11.9994 24.0599 12.6234 28.6013 13.5621 17.2424 21.1619 17.6594 21.2548 23.7694 35.908 11.9244 28.0621 14.1347 26.5116 21.896 35.2533 45.0113 13.6908 32.3032 48.1496 19.566 15.3828 35.6586 41.1406 25.4691 49.5599 48.947 13.1399 21.9396 30.9343 44.9699 23.0298 33.2267 19.2962 36.5748 47.1196 22.2438 22.904 26.5875 49.3157 21.4129 25.632 14.8711 29.1233 15.2753 24.0512 14.4484 27.1431 34.1774 14.7629 10.5368 42.5794 11.3821 
48.5801 49.1671 30.5953 28.369 37.8359 22.8397 21.2793 41.1048 49.6743 13.2301 23.7162 49.7809 14.7411 23.9627 49.2803 36.3231 44.0617 36.1225 31.5017 17.3215 48.5111 19.579 34.7848 22.6518 33.6014 23.4992 49.5831 20.9298 16.6776 13.7261 17.4378 35.5871 38.954 49.9291 13.5104 19.5296 32.9115 49.1219 40.7578 24.8295 19.3606 45.5442 28.1108 34.0072 31.393 41.7694 15.3319 23.5389 16.1874 28.456 29.7201 18.0591 39.7914 34.6693 15.4508 24.1045 42.491 29.3165 19.1794 39.2922 18.5233 20.7439 39.4761 21.405 
11.0188 22.5833 14.0804 17.6808 11.813 37.0122 19.6323 23.5403 29.9716 26.415 46.2814 41.8686 15.7847 38.5034 26.4089 22.6749 26.3287 20.1659 34.7125 21.0922 44.5825 32.6589 33.653 33.7597 12.4087 33.8464 24.0667 25.0604 49.3818 20.1872 25.4608 34.9451 34.4906 48.6115 35.2232 10.4412 10.2818 17.5284 47.038 45.1585 46.5704 17.1944 11.7548 43.9737 23.3929 45.0575 14.2482 47.3063 46.2517 12.3375 26.4842 42.4023 39.3087 41.9092 45.1418 25.798 33.0936 44.0574 18.2776 33.0588 24.9896 17.7744 22.1211 10.0862 
40.2733 35.925 49.566 18.5177 41.6251 16.2034 47.4922 17.1832 17.9822 31.5885 27.5476 27.5729 49.4655 20.7942 47.2104 46.2382 20.6141 27.0499 13.2044 49.4245 31.1872 41.9607 49.6672 12.1466 30.781 19.7203 35.2677 45.9757 15.9637 41.0823 13.8948 35.2368 13.4948 35.7491 42.7783 33.7278 15.1203 39.3264 49.1962 18.0074 26.393 21.9744 11.6535 41.119 14.0527 40.5947 18.4395 34.7847 26.4674 25.6628 16.0159 45.0631 29.9092 19.6893 15.2006 14.1222 46.3318 23.5218 28.8639 29.4948 12.6291 45.0024 13.6521 33.0053 
13.577 42.8879 14.8637 25.3678 40.98 30.6131 48.3568 29.961 38.1024 17.3158 47.1436 13.8663 20.248 38.2478 31.2359 10.1106 12.2141 19.4786 31.8532 14.3661 17.4914 36.5886 15.8042 41.6181 34.0419 12.0133 22.5553 30.0918 25.1966 36.9177 31.4337 24.2332 19.8665 11.646 47.0878 33.6208 18.5781 10.7191 48.7856 11.2684 30.7328 35.2237 39.8535 18.1868 45.5219 13.368 10.2663 14.3211 15.2067 36.3739 14.9434 37.9874 44.4337 38.9379 42.712 41.6365 24.8879 33.738 19.596 39.6257 29.6117 11.6126 12.9256 11.107 
17.9588 25.0887 45.9052 30.646 17.8095 17.9041 26.8512 25.5937 15.1197 31.6179 25.5067 15.6206 14.0539 27.2748 16.5063 23.443 17.9714 30.2059 30.7731 10.2765 32.3456 43.733 21.0269 30.7975 37.1118 33.4789 35.0883 38.2386 49.1112 38.2708 23.1552 37.7955 25.4281 47.0435 34.6341 49.0537 14.8172 30.8784 34.9953 11.5717 15.8216 35.5666 46.1866 34.524 30.5919 19.3594 15.3762 47.3033 24.9143 17.4497 13.8552 40.516 43.6934 47.3054 22.0569 36.3146 11.0117 29.2976 34.8912 15.264 40.5844 22.2446 27.6026 16.7835 
29.262 36.6066 43.9696 16.5879 40.6231 49.9685 42.6504 48.3897 36.7126 16.9061 22.2168 18.789 38.3779 20.2648 46.0173 18.4555 29.232 42.9143 21.3489 31.955 29.3955 23.445 40.0812 25.7745 27.8043 15.5689 33.7552 44.6424 38.0992 17.5292 33.9556 41.8777 24.0641 22.0274 45.2649 29.4833 39.9616 30.4506 37.1218 40.9464 43.22 23.8392 10.5083 33.1461 20.911 47.358 45.4933 30.4688 10.4831 24.0925 43.3028 28.8994 22.2377 19.5239 19.1915 33.9465 15.1225 13.8407 25.4655 28.2415 23.8519 15.8857 44.4495 11.1984 
25.5114 21.7407 31.0424 16.3814 42.9776 19.6493 39.1917 19.9182 48.9691 20.2452 23.6858 30.9751 41.6287 43.8883 41.8666 49.35 26.1535 18.4024 41.4284 27.2631 26.5224 19.6273 29.0741 47.8358 14.3394 16.4501 33.1398 39.1569 29.3778 17.9232 25.8123 10.132 29.6066 34.6841 37.1856 32.5729 19.7282 40.2007 45.2455 35.7403 41.0162 32.8652 21.9208 10.6808 37.9692 23.6863 31.2658 19.9753 36.7429 45.4576 27.3831 40.0689 17.9717 26.9347 37.9445 22.5795 18.5858 36.9011 20.2894 31.9782 36.7289 21.4775 49.0497 33.653 
22.5712 42.182 34.0713 48.9908 25.6098 37.8421 30.9716 36.2274 28.2248 16.552 41.0547 22.2226 30.1664 37.3648 47.8759 19.9251 24.3055 24.6594 11.8962 31.2691 11.2388 46.9624 26.0117 30.979 12.4846 24.1025 38.5409 18.5805 24.7204 33.9631 43.9445 27.6635 47.209 37.0516 28.6409 13.2538 49.5054 49.4815 25.4761 48.1479 18.205 42.3227 43.0968 37.5174 17.4459 35.2619 32.2359 38.6683 47.669 24.172 13.6988 31.1753 19.7479 26.8949 47.3825 17.6979 30.3172 19.7501 25.001 35.1267 23.9847 42.6541 34.4297 34.5368 
15.5895 10.6892 27.1386 44.3956 29.0317 19.5081 34.0009 13.6681 33.2471 49.0166 48.2388 33.0168 26.5586 40.141 33.7262 40.5234 16.685 37.2043 19.247 29.4086 37.8971 34.6756 19.3899 47.7261 47.7268 35.7867 29.0947 35.2267 46.4119 47.0959 29.1468 36.48 23.1487 26.2091 27.9557 18.9947 38.1086 22.0162 31.9729 47.4109 18.8394 26.5692 33.8184 48.1642 43.9914 38.907 27.994 24.1024 39.4674 15.2935 10.6196 48.9864 48.6679 39.9937 16.2424 29.4417 37.0594 32.2837 27.3647 12.2131 42.0914 41.8237 18.4507 28.2998 
37.3261 47.0802 16.2557 29.2889 32.8579 33.4002 26.4783 28.7606 16.3076 37.1732 47.0926 14.2267 42.6402 17.2689 29.1416 13.9951 28.2733 21.8735 20.4009 11.4167 16.1625 49.4109 38.2232 29.0036 33.6408 20.6659 27.4255 17.3874 42.5182 20.5893 30.4853 37.6532 16.2564 33.4895 10.6708 22.1937 14.8672 10.9738 34.6752 34.3484 11.374 17.4617 30.1022 19.3454 44.9279 30.5625 33.8282 20.6736 24.8412 13.2825 22.8678 11.1462 15.5289 26.2464 38.1709 44.8705 17.5209 28.4076 23.5281 20.5241 34.4192 34.5633 39.1436 32.7718 
45.7696 39.9505 47.6616 21.9223 28.3174 44.0562 13.057 21.4721 15.6919 30.5876 46.4322 10.0365 36.7242 16.304 11.7515 33.592 45.5166 24.1581 28.851 35.3294 38.9108 46.1239 15.29 26.3564 29.6094 39.797 24.9558 49.6504 22.2075 14.2338 44.2865 31.3545 43.1807 17.7569 34.2282 10.1604 36.0158 39.843 43.0972 13.8009 25.0077 38.8267 18.0349 43.6636 38.2362 22.9522 29.5815 18.2785 14.3421 21.0587 11.5953 34.6322 49.2639 25.4756 12.3385 45.2087 46.0799 13.0919 32.8999 37.1587 46.2997 40.2283 48.6784 19.0437 
28.5416 12.9199 41.4598 43.0976 37.1493 44.9336 18.6428 24.2369 49.2405 34.5448 37.962 10.6783 46.6592 18.3439 19.0068 17.8837 34.1287 21.7341 37.5315 29.5589 33.748 47.5958 34.598 16.2389 40.8877 23.8385 47.76 45.8994 40.4335 10.8858 47.7883 22.6959 10.3083 29.362 35.1352 35.1126 40.0982 45.8297 12.4797 33.6324 31.198 38.9346 28.2145 32.7767 40.8192 32.6725 14.6973 40.4926 19.5759 15.7103 49.8406 14.3843 39.2069 36.772 16.511 28.3312 35.8587 16.2016 48.21 47.4978 49.687 33.2577 10.6105 26.3547 
23.5201 12.3332 45.4044 33.3679 24.638 48.535 40.4697 22.0816 10.9589 44.6673 37.1677 30.8174 33.9707 33.3669 32.0721 38.6675 33.6349 42.5438 32.8878 32.7462 14.89 44.1201 38.0897 36.1034 43.5355 34.7486 41.974 47.2858 25.4951 28.1529 27.29 20.1565 23.1462 39.2499 28.9387 37.5282 18.1246 19.818 42.413 43.75 22.2566 24.5958 22.0385 49.5437 33.3494 10.7765 11.0156 39.139 28.9083 21.9195 27.4844 41.3708 48.6142 24.3321 48.6266 17.8561 22.8425 14.4544 38.8654 30.807 15.0309 44.4037 14.3386 22.7698 
14.2196 36.4457 39.9048 20.2246 29.2926 42.728 19.8482 22.1515 30.2319 34.5723 10.5684 19.4462 19.1543 21.966 19.3784 25.8875 46.4891 27.5217 45.3726 10.5788 44.3661 38.4023 33.5106 24.2733 25.4361 44.8635 13.9955 29.7553 30.9775 40.7594 17.7063 17.0428 47.3856 21.2909 15.6147 22.0611 35.0441 35.3389 13.1164 28.932 41.5963 24.2922 26.944 16.5703 30.4775 37.9278 21.0336 44.1903 20.9143 11.4108 36.4107 27.2924 36.6251 12.3153 39.701 45.8232 41.9373 13.2103 29.1588 14.446 27.725 22.81 41.7834 38.1303 
33.0904 43.334 22.6927 15.4225 47.4011 26.0844 25.5689 44.1651 22.2367 26.2991 46.7811 38.3773 23.9076 24.7243 43.5582 32.4937 34.6762 41.3861 20.0849 32.6125 20.552 18.9766 49.6336 12.5061 29.3255 16.6835 34.263 44.5635 24.2385 16.2767 29.6381 44.0229 22.2574 25.98 27.7497 12.9351 30.5611 46.2117 19.8732 49.8055 21.6885 31.92 40.0153 24.088 32.3791 20.9626 34.9582 36.8619 22.692 33.0786 25.0092 35.308 26.2087 21.2557 10.0875 43.899 25.8795 19.1041 31.5303 12.9615 42.6055 22.7064 48.3116 11.6235 
24.7008 23.9076 27.3368 11.5182 21.741 25.6784 26.8479 21.2929 19.4607 15.9623 37.248 40.93 27.585 49.811 17.4393 20.2483 44.4143 25.4817 21.352 16.0446 19.5093 20.2112 43.9713 29.4594 20.4112 11.317 13.6075 45.8543 12.4397 38.3715 37.8606 20.6488 23.5543 27.9315 14.4877 25.3587 48.1119 45.1415 14.6252 25.4926 45.4403 12.034 10.9563 33.1531 34.5591 25.5873 44.0677 13.5377 11.6564 19.805 40.1417 28.1918 13.9529 22.8553 30.9808 17.5041 24.702 49.9977 19.0992 22.9552 21.6288 39.6693 16.5547 33.6846 
11.8612 21.271 16.6829 31.0901 37.5103 31.8837 19.8516 11.7867 40.7739 13.4438 24.5501 15.5618 19.8757 33.6731 49.9778 10.0114 29.5122 48.0105 48.1929 40.3156 14.6761 32.878 46.2863 35.5869 14.0383 22.214 28.2844 30.941 17.4279 40.0457 31.471 44.3895 16.2681 27.5092 36.5878 23.8017 45.7492 23.5233 46.8654 34.2592 11.3269 44.1814 45.1477 23.9033 40.8737 31.8402 12.6956 40.0009 18.7174 45.1366 22.4075 42.9334 12.5185 35.1619 40.9065 18.1988 40.8762 18.0858 46.5163 14.7412 11.2883 39.4821 24.6474 11.1366 
47.7856 47.3055 49.3901 33.6859 34.3274 22.5104 26.5779 26.3063 22.1677 46.3382 11.2685 27.932 41.3615 30.5298 49.5646 17.1094 33.8649 43.1338 25.7441 26.7556 47.8155 20.6897 46.7158 20.9597 13.4666 21.042 47.6688 38.0327 21.7013 44.1204 39.0063 19.6049 24.1304 28.4697 28.2646 13.9262 31.9629 15.144 25.73 43.2887 27.625 29.6521 19.6439 49.0177 39.1113 36.9031 24.6946 41.7187 37.0457 36.5044 18.5223 17.2565 19.5373 30.5346 17.6095 30.9413 18.8361 18.9556 31.2151 17.861 27.0988 15.1735 23.6786 38.0698 
36.0016 29.2115 11.4145 46.1909 26.0044 38.7618 28.3951 28.2436 33.005 38.6868 28.1117 14.9404 48.1707 32.6853 12.7968 32.3409 34.7301 46.7279 47.0474 40.9846 39.3636 12.5829 44.4062 12.1625 31.1393 44.1165 15.4084 17.4188 26.6532 20.6682 23.1375 45.2833 29.6591 22.5169 29.075 48.0827 25.771 48.9115 48.9152 43.7809 46.9622 28.2201 30.1536 42.3914 34.602 46.5154 32.4134 40.8528 43.5444 40.5987 17.6655 14.4744 38.8103 47.7373 14.9064 37.812 25.3609 39.5643 18.0626 11.4236 23.7114 45.1998 26.7256 35.6391 
21.0153 43.8638 21.7959 26.2188 37.0181 34.8083 16.8434 47.3807 15.9774 20.409 27.0575 10.409 23.9283 23.1962 40.1357 22.99 33.9052 14.4622 21.594 43.7348 31.2958 40.8679 41.216 30.0938 31.7667 34.662 26.0925 44.0568 32.8996 22.6433 20.4114 34.7544 47.0733 12.8996 14.7675 15.6667 24.7972 23.6962 33.9537 18.306 15.2003 44.5181 23.771 22.5555 38.1074 49.4764 41.5883 17.6865 13.5499 47.0774 48.2786 44.0625 39.0375 14.3926 11.0389 24.3657 13.9945 26.6689 24.1717 22.0383 48.0896 46.6755 35.9211 47.6604 
47.7996 30.3991 25.0374 14.9878 32.4081 46.9269 10.0134 24.793 49.9704 30.2974 38.5406 30.8791 49.4937 48.7735 42.7219 36.2724 32.6784 37.476 40.0605 34.6342 15.8264 15.8698 30.2184 43.6205 20.5572 45.3295 25.3854 29.6594 31.8199 35.5405 29.7704 43.8598 12.2099 23.7832 23.4629 22.7941 28.7651 37.6406 15.1057 18.2009 22.2535 11.3651 47.8888 38.8907 29.0222 14.1251 31.3752 30.5049 30.2738 24.842 24.2197 24.8705 29.6208 47.572 21.8927 16.5862 31.4961 43.194 22.7209 32.864 22.1756 25.2403 15.5232 44.4235 
49.2551 31.8139 16.3677 28.69 19.2741 12.7971 13.2498 49.2956 16.6157 49.3425 25.1092 45.43 22.2678 14.3189 11.7338 24.4311 42.3584 46.3196 22.7079 48.4659 31.7939 27.872 27.1068 34.0283 38.437 47.9157 27.1616 15.1517 25.2572 10.5302 22.0643 32.5277 16.4407 44.6895 49.4259 30.3459 32.3526 25.9612 10.6524 24.2273 20.2117 42.0672 36.6023 32.0086 42.6361 12.1644 22.3117 29.2558 36.1612 49.79 18.579 12.2884 34.0144 12.9695 29.316 33.955 39.9966 30.9905 22.0821 24.5047 32.0483 14.1019 37.4478 44.313 
43.8974 28.0977 48.4693 42.4189 47.4233 34.402 30.1239 13.2238 36.977 18.7969 32.3486 21.3981 12.8345 12.5223 23.7707 16.6576 16.8635 14.3371 30.6868 30.3659 25.5556 43.9207 39.6915 34.5545 45.0067 40.2531 14.7796 49.3747 43.9754 21.719 39.1679 30.4243 47.4708 19.1931 44.1492 38.2853 29.6472 25.19 24.2089 25.3073 30.9672 18.5769 48.7352 10.566 38.3342 41.1829 21.3929 41.7266 49.1515 10.3201 32.5452 30.0881 11.5049 48.4927 29.018 31.0156 34.8042 47.2762 11.4964 39.1194 27.9514 41.9064 39.5353 35.1693 
16.0308 49.2032 41.449 19.2274 13.3541 11.7069 49.506 30.1864 38.3688 17.1711 25.4403 41.7306 21.3878 48.1925 33.7156 42.9245 23.8574 45.8791 14.1495 29.3552 26.4419 12.3086 14.0525 22.2181 11.0172 35.8127 42.8259 36.1725 42.1647 23.8837 33.0629 21.6792 35.3339 30.1307 38.0615 12.4422 16.4374 27.5425 45.4724 39.8634 14.9167 15.0797 22.8429 14.7651 18.1089 20.0675 42.7075 17.4694 45.0119 49.1989 41.3232 38.0591 35.4462 49.1262 34.7661 33.405 10.0227 41.4499 15.6245 10.4278 35.2915 26.1647 28.5944 30.5386 
48.0242 42.8681 20.9464 19.3234 42.3513 40.2072 37.3827 43.018 24.8447 36.9444 44.671 27.2461 40.2928 24.7259 39.7326 33.2886 39.5858 46.8901 37.4476 48.2501 40.7365 48.594 20.0605 19.3155 16.74 44.9925 29.3251 41.0607 18.8882 21.7875 25.1575 19.1472 30.3358 21.3574 22.0248 12.9071 23.9952 42.078 29.462 19.6181 49.8138 26.0048 47.0224 33.7366 15.3079 28.1345 45.0823 49.2627 49.872 11.0283 30.2433 23.6771 30.2282 25.2815 40.3805 27.9472 17.4827 15.9302 21.3127 34.8603 48.7275 31.9379 49.8324 30.5881 
21.3705 18.6406 33.1001 42.7478 27.1176 25.9455 19.8807 10.4681 12.4156 13.9779 38.2514 49.1894 49.1646 47.163 24.6831 33.6824 32.6885 21.5905 30.5778 13.6268 18.4582 19.6284 12.4801 42.8512 19.4726 20.4898 38.627 18.8576 11.4223 31.5727 16.289 37.0826 18.8036 38.4115 39.8718 45.2183 17.2087 40.1296 48.1767 49.9435 22.7223 33.2753 28.0734 29.5154 41.6776 49.7248 41.6176 43.291 48.3225 16.1975 27.0246 47.8795 15.3864 42.7303 20.6201 21.5587 10.3932 42.7085 48.3438 32.9409 21.781 13.9523 40.5522 36.2949 
16.6177 32.1818 46.3173 28.6574 10.3593 44.199 11.3373 22.0093 34.2972 39.0205 32.0012 22.0109 24.5066 20.7637 16.6499 35.5337 32.9534 45.9768 17.1152 22.4887 43.2631 32.2929 49.2228 12.4096 25.9524 29.3761 28.3952 32.9951 25.183 47.6021 46.515 23.3773 45.4685 16.8639 30.7578 16.7988 47.9142 16.3092 27.4552 38.7498 24.8997 29.6712 32.5879 15.2207 39.2934 22.8649 26.1785 13.1921 14.5008 45.6431 22.1506 28.6826 39.7593 44.5219 19.9644 14.054 21.3655 48.1202 21.2566 15.3725 33.5338 16.4601 24.2786 36.7121 
10.7429 27.8951 12.708 17.7279 40.5604 34.5081 15.5044 18.051 30.7314 37.4025 43.2234 48.8792 16.5172 33.0366 32.1498 30.9988 20.5655 17.6625 33.7086 45.8731 46.0689 28.8925 35.2669 27.8737 10.4936 20.6709 37.6356 43.0231 12.3011 31.4535 41.8393 35.8682 44.6012 38.7511 42.3152 29.4283 31.822 13.571 26.0287 32.9519 41.1213 25.7679 31.8906 35.2758 31.124 37.8892 25.2003 16.5156 23.3513 48.096 30.127 17.4239 12.9293 12.2755 11.49 23.3334 22.4244 15.3088 12.4796 33.2439 40.0675 36.6437 10.9016 11.7786 
34.8912 44.4016 36.1289 42.1724 48.2064 44.2899 22.8512 24.4879 17.613 48.169 39.4705 14.76 17.7032 33.5833 31.2938 13.6138 32.3236 36.1066 27.0636 14.4835 44.8785 43.3714 27.4347 25.8248 16.3288 26.5762 24.7677 10.3086 44.8164 39.1839 48.1469 44.4224 20.7595 34.037 16.4812 10.1577 26.6454 39.8138 22.9716 36.1351 28.5095 13.691 25.6968 49.4837 36.858 10.5623 29.4869 32.0768 15.4112 21.7536 19.8814 32.4122 26.1067 46.6116 26.0779 23.0177 42.8919 12.0178 33.8953 11.9677 45.0618 31.3942 36.5597 23.1538 
21.7294 17.0894 23.5749 36.7543 28.9125 18.4672 25.6298 20.8729 16.4938 28.6934 12.25 15.6534 34.2808 27.3211 10.4432 29.1479 23.7001 40 44.7891 22.6779 20.3951 48.9249 11.4869 24.0369 16.3879 34.6488 25.5938 15.8329 25.1628 26.3197 48.1073 46.6487 13.6196 38.9663 15.4602 34.3062 43.8398 15.4601 24.7969 32.2259 19.0897 48.452 13.6397 32.7553 19.399 14.7065 26.2018 13.1573 14.2099 25.1377 32.4733 47.723 17.6937 10.1706 19.3376 40.7716 44.6883 41.7539 33.0009 11.6587 34.6026 37.2141 48.8675 14.5104 
34.8063 37.976 30.8319 45.801 14.393 14.829 11.1846 30.5887 45.1646 40.2696 26.0633 16.4003 26.5774 30.3358 33.4852 23.6768 22.7071 16.8489 29.9204 22.5417 23.4658 25.2019 22.718 30.6913 41.7897 11.7534 23.4153 49.11 15.3114 26.4069 16.0364 49.4751 12.7174 14.6525 14.9019 10.7154 44.0838 49.677 22.8014 34.3011 16.1376 14.1817 46.7142 19.8965 47.0895 10.2268 11.6961 22.4854 38.5232 19.4309 36.5312 33.8417 12.3556 20.3674 17.878 29.9128 48.2682 14.7065 49.0496 35.4708 19.0406 28.7951 12.6685 35.6645 
18.2442 44.4538 21.6089 20.2404 32.2964 38.9158 11.632 27.2582 31.8682 19.117 16.0523 41.1296 14.0343 14.5669 32.6801 36.6973 33.2936 44.6105 40.3151 29.7675 36.4966 34.048 27.3264 43.5717 26.0404 15.8266 45.4669 27.9095 48.0817 29.3303 45.0108 11.9818 10.1974 31.602 12.3517 44.8692 14.4607 35.6836 40.621 45.4248 14.5448 37.4616 49.8552 43.5148 31.2629 12.2283 45.9779 24.1772 15.5587 46.8505 21.6596 49.1046 23.0652 12.6987 40.2045 15.1496 18.7005 24.0212 25.6716 22.2462 36.3645 22.5493 26.5004 15.9557 
15.3635 23.3093 37.6104 14.4063 15.3736 27.9638 45.7499 15.8809 19.8638 38.7112 43.5933 35.7528 23.3541 34.9576 16.7507 46.768 33.9207 12.5021 46.7544 45.0133 13.6626 38.9176 23.6446 13.7415 14.2435 31.8203 20.4076 24.2851 28.5471 43.6682 48.3872 43.8699 26.9004 10.1579 36.1419 25.0235 29.3254 47.906 21.4581 22.2142 44.9371 33.7605 37.5592 38.9042 14.584 15.2376 20.8351 41.8848 19.7905 35.0547 45.0461 10.3729 19.9179 21.2695 27.7783 32.0584 30.2691 43.0118 13.5387 47.8475 31.1561 34.2296 17.1493 12.7048 
